2 0.706250 0.471875 0.140625 0.225000 
1 0.594531 0.457031 0.135937 0.157812 
0 0.253906 0.429688 0.179688 0.153125 
2 0.872656 0.469531 0.176563 0.245312 
6 0.093750 0.666406 0.134375 0.354687 
7 0.714063 0.689063 0.128125 0.325000 
6 0.247656 0.655469 0.126562 0.320312 
0 0.504687 0.446094 0.150000 0.154688 
7 0.889844 0.757031 0.132812 0.320312 
0 0.390625 0.463281 0.143750 0.154688 
6 0.394531 0.657813 0.101562 0.284375 
6 0.603906 0.665625 0.110937 0.365625 
6 0.496094 0.657813 0.101562 0.284375 
0 0.097656 0.442188 0.179688 0.153125 
