0 0.378125 0.507031 0.121875 0.232813 
6 0.891406 0.727344 0.135937 0.329688 
1 0.594531 0.498437 0.129688 0.193750 
1 0.068750 0.523438 0.134375 0.196875 
0 0.876563 0.495312 0.184375 0.156250 
5 0.615625 0.728906 0.131250 0.295312 
0 0.722656 0.486719 0.151562 0.214062 
4 0.731250 0.721875 0.156250 0.275000 
6 0.360938 0.728906 0.096875 0.295312 
0 0.221094 0.485156 0.189062 0.257812 
1 0.493750 0.528125 0.150000 0.143750 
6 0.072656 0.746875 0.142187 0.262500 
6 0.228125 0.734375 0.171875 0.284375 
5 0.485938 0.732031 0.131250 0.285938 
