0 0.131250 0.596094 0.106250 0.223438 
6 0.890625 0.866406 0.140625 0.267188 
1 0.435937 0.571094 0.093750 0.154688 
1 0.239063 0.608594 0.115625 0.242188 
2 0.782031 0.640625 0.123438 0.268750 
0 0.889844 0.465625 0.170313 0.071875 
4 0.132812 0.846875 0.112500 0.306250 
4 0.242188 0.860938 0.106250 0.278125 
2 0.347656 0.586719 0.101562 0.192188 
6 0.341406 0.826562 0.095312 0.346875 
4 0.435156 0.821875 0.098437 0.356250 
6 0.533594 0.824219 0.104688 0.351562 
1 0.541406 0.588281 0.123438 0.192188 
0 0.675000 0.592187 0.131250 0.184375 
6 0.653125 0.838281 0.121875 0.323437 
4 0.764844 0.867969 0.098437 0.264062 
1 0.901563 0.639844 0.181250 0.245312 
0 0.564844 0.383594 0.173437 0.173437 
