0 0.759375 0.595313 0.109375 0.231250 
6 0.538281 0.771875 0.117188 0.337500 
1 0.885938 0.534375 0.143750 0.137500 
6 0.637500 0.777344 0.081250 0.282813 
6 0.395313 0.756250 0.115625 0.318750 
1 0.393750 0.506250 0.215625 0.212500 
6 0.746875 0.814063 0.090625 0.275000 
1 0.562500 0.514844 0.106250 0.067187 
7 0.241406 0.796875 0.114062 0.268750 
4 0.884375 0.770312 0.131250 0.362500 
1 0.140625 0.557031 0.178125 0.151562 
6 0.115625 0.786719 0.162500 0.367188 
2 0.274219 0.560156 0.148438 0.201563 
1 0.531250 0.516406 0.153125 0.214062 
0 0.646875 0.540625 0.106250 0.187500 
0 0.876563 0.468750 0.203125 0.118750 
