0 0.750781 0.363281 0.167187 0.242188 
0 0.603906 0.652344 0.264062 0.498437 
0 0.500000 0.339062 0.121875 0.193750 
0 0.631250 0.366406 0.125000 0.201563 
6 0.746094 0.681250 0.123438 0.384375 
0 0.403125 0.364063 0.100000 0.228125 
0 0.364844 0.634375 0.123438 0.346875 
0 0.189062 0.385937 0.121875 0.237500 
6 0.495312 0.650000 0.134375 0.471875 
5 0.599219 0.667969 0.148438 0.392188 
5 0.192969 0.650781 0.095312 0.351562 
0 0.308594 0.347656 0.107813 0.254688 
6 0.315625 0.626563 0.140625 0.381250 
4 0.407813 0.614844 0.093750 0.332813 
