1 0.657813 0.669531 0.187500 0.273438 
6 0.482031 0.811719 0.142187 0.267188 
2 0.888281 0.412500 0.189062 0.359375 
1 0.196094 0.600781 0.148438 0.251563 
0 0.465625 0.565625 0.175000 0.234375 
0 0.381250 0.366406 0.071875 0.301563 
1 0.821875 0.660156 0.196875 0.257812 
6 0.812500 0.895312 0.212500 0.209375 
2 0.064844 0.367969 0.110937 0.226562 
2 0.136719 0.457813 0.104688 0.265625 
5 0.196094 0.850000 0.170313 0.300000 
1 0.310937 0.564063 0.131250 0.184375 
4 0.300000 0.825781 0.090625 0.348438 
6 0.646875 0.867969 0.165625 0.264062 
2 0.735938 0.382031 0.137500 0.282813 
