5 0.817187 0.869531 0.062500 0.260937 
0 0.654687 0.871094 0.159375 0.173437 
0 0.140625 0.634375 0.109375 0.150000 
6 0.431250 0.907031 0.178125 0.142187 
2 0.320312 0.629687 0.090625 0.121875 
2 0.599219 0.696875 0.120313 0.150000 
0 0.500000 0.588281 0.081250 0.139063 
1 0.435937 0.810156 0.140625 0.114062 
4 0.132812 0.809375 0.090625 0.225000 
2 0.423438 0.661719 0.125000 0.164062 
1 0.223438 0.657031 0.115625 0.123438 
2 0.220312 0.775000 0.115625 0.137500 
4 0.256250 0.896875 0.168750 0.178125 
1 0.876563 0.650781 0.056250 0.170313 
1 0.800781 0.651563 0.101562 0.178125 
1 0.718750 0.681250 0.137500 0.187500 
6 0.739844 0.884375 0.120313 0.231250 
6 0.323437 0.792188 0.075000 0.225000 
