1 0.628125 0.515625 0.115625 0.240625 
1 0.907031 0.624219 0.123438 0.220312 
7 0.096094 0.710938 0.129688 0.312500 
6 0.540625 0.744531 0.112500 0.310937 
3 0.924219 0.817187 0.151562 0.253125 
1 0.771875 0.353906 0.115625 0.107813 
3 0.761719 0.540625 0.129688 0.178125 
2 0.442969 0.529687 0.073438 0.231250 
4 0.672656 0.741406 0.164062 0.248438 
6 0.210938 0.735938 0.134375 0.312500 
6 0.342187 0.742969 0.100000 0.279687 
3 0.225781 0.517969 0.120313 0.182812 
6 0.442969 0.761719 0.076563 0.254688 
1 0.095312 0.446875 0.134375 0.225000 
1 0.534375 0.510938 0.115625 0.234375 
2 0.346094 0.521875 0.114062 0.156250 
6 0.782031 0.735938 0.098437 0.259375 
2 0.885938 0.403125 0.109375 0.234375 
